version https://git-lfs.github.com/spec/v1
oid sha256:60ae231609f5727dcc64cf076353bd4ab20d7bf9fd9611932aabeb046efd445b
size 5286
