version https://git-lfs.github.com/spec/v1
oid sha256:a603e84cf1ec13ef30bedbe3791e1ca3b5d3946b86373a782ad484d6723fb431
size 5612
