version https://git-lfs.github.com/spec/v1
oid sha256:4117fa8a3186b25729bca73a176aa75c097836779cb6503e492fda05928c75b3
size 4908
