version https://git-lfs.github.com/spec/v1
oid sha256:bad43e19e6c00c1ef929466605d93bca0a2b1762a7619ccbd813ce68ab773e96
size 5106
