datetime,open,high,low,close,volume
2023-01-02 09:15:00,1113.25,1127.55,1039.9,1055.55,476
2023-01-02 09:30:00,1031.05,1201.0,1031.05,1182.25,450
2023-01-02 09:45:00,1217.45,1232.15,1217.45,1229.7,350
2023-01-02 10:00:00,1240.0,1248.9,1240.0,1248.9,100
2023-01-02 10:15:00,1248.9,1248.9,1213.75,1213.75,225
2023-01-02 10:30:00,1210.95,1257.45,1210.95,1257.45,200
2023-01-02 10:45:00,1257.45,1257.45,1231.15,1231.15,125
2023-01-02 11:00:00,1229.05,1257.45,1229.05,1257.45,275
2023-01-02 11:15:00,1231.1,1231.1,1223.3,1223.3,75
2023-01-02 11:30:00,1206.7,1206.7,1206.7,1206.7,25
2023-01-02 11:45:00,1206.95,1206.95,1206.95,1206.95,50
2023-01-02 12:15:00,1216.6,1216.6,1139.25,1157.95,400
2023-01-02 12:45:00,1138.45,1149.45,1128.15,1149.45,300
2023-01-02 13:00:00,1172.85,1174.6,1161.35,1174.6,350
2023-01-02 13:15:00,1176.15,1176.15,1144.1,1144.1,175
2023-01-02 13:30:00,1119.15,1137.3,1119.15,1137.3,125
2023-01-02 13:45:00,1100.0,1100.0,1100.0,1100.0,150
2023-01-02 14:00:00,1107.45,1112.0,1080.0,1112.0,275
2023-01-02 14:15:00,1075.2,1079.4,1056.75,1079.4,225
2023-01-02 14:30:00,1080.3,1100.1,1071.7,1100.1,250
2023-01-02 14:45:00,1154.85,1160.85,1154.85,1160.85,300
2023-01-02 15:00:00,1169.5,1169.5,1169.5,1169.5,125
2023-01-02 15:15:00,1166.4,1182.65,1166.4,1182.1,325
2023-01-03 09:30:00,1240.0,1240.0,1233.0,1233.0,76
2023-01-03 09:45:00,1233.0,1263.0,1230.0,1263.0,425
2023-01-03 10:00:00,1263.0,1291.0,1256.3,1291.0,125
2023-01-03 10:15:00,1291.0,1291.0,1266.2,1272.25,250
2023-01-03 10:30:00,1277.15,1277.15,1270.0,1270.0,50
2023-01-03 10:45:00,1273.7,1273.7,1273.7,1273.7,50
2023-01-03 11:00:00,1254.0,1254.0,1254.0,1254.0,50
2023-01-03 11:45:00,1239.9,1239.9,1237.5,1237.5,75
2023-01-03 12:00:00,1200.0,1200.0,1176.65,1176.65,50
2023-01-03 12:15:00,1176.65,1176.65,1149.6,1149.6,150
2023-01-03 12:30:00,1149.6,1158.15,1149.6,1158.15,75
2023-01-03 12:45:00,1170.0,1170.0,1170.0,1170.0,25
2023-01-03 13:00:00,1158.0,1189.2,1158.0,1164.0,75
2023-01-03 13:15:00,1187.0,1187.0,1187.0,1187.0,25
2023-01-03 13:30:00,1215.0,1215.0,1202.9,1207.5,150
2023-01-03 13:45:00,1245.0,1280.0,1245.0,1280.0,100
2023-01-03 14:00:00,1262.6,1296.45,1262.6,1296.45,125
2023-01-03 14:15:00,1296.45,1296.45,1287.9,1287.9,225
2023-01-03 14:30:00,1280.75,1286.0,1280.75,1286.0,125
2023-01-03 14:45:00,1307.1,1314.4,1279.7,1279.7,325
2023-01-03 15:00:00,1237.5,1280.0,1237.5,1272.5,250
2023-01-03 15:15:00,1287.85,1310.55,1287.85,1310.55,250
2023-01-04 09:15:00,1308.0,1358.55,1291.2,1358.55,201
2023-01-04 09:30:00,1350.0,1350.0,1262.7,1262.7,300
2023-01-04 09:45:00,1211.0,1244.5,1211.0,1244.5,300
2023-01-04 10:00:00,1141.0,1179.4,1141.0,1150.0,275
2023-01-04 10:15:00,1180.0,1180.0,1180.0,1180.0,25
2023-01-04 11:00:00,1106.9,1106.9,1103.25,1103.25,75
2023-01-04 11:15:00,1096.0,1096.0,1096.0,1096.0,100
2023-01-04 11:30:00,1088.1,1088.1,1088.1,1088.1,50
2023-01-04 11:45:00,1090.0,1090.0,1053.1,1069.0,400
2023-01-04 12:00:00,1050.0,1050.0,979.95,989.55,1425
2023-01-04 12:15:00,979.85,997.0,979.85,996.0,125
2023-01-04 12:30:00,1013.6,1034.3,1013.6,1034.3,75
2023-01-04 12:45:00,1038.45,1045.75,1018.8,1022.5,225
2023-01-04 13:00:00,1064.2,1064.2,1064.2,1064.2,25
2023-01-04 13:15:00,1072.7,1072.7,1033.3,1047.05,150
2023-01-04 13:30:00,1020.65,1055.0,1020.65,1055.0,125
2023-01-04 13:45:00,1091.0,1102.1,1080.25,1098.15,525
2023-01-04 14:00:00,1114.35,1125.0,1104.1,1117.0,625
2023-01-04 14:15:00,1117.8,1117.8,1032.7,1032.7,225
2023-01-04 14:30:00,1016.25,1032.7,1009.05,1011.0,275
2023-01-04 14:45:00,973.05,990.15,933.6,990.15,600
2023-01-04 15:00:00,980.0,1011.95,980.0,986.0,300
2023-01-04 15:15:00,990.0,1000.05,975.0,1000.05,325
2023-01-05 09:15:00,1000.05,1046.2,945.45,1023.95,851
2023-01-05 09:30:00,1012.35,1067.7,903.0,914.15,1525
2023-01-05 09:45:00,902.05,914.0,847.35,851.25,1975
2023-01-05 10:00:00,868.4,900.85,845.3,900.85,3200
2023-01-05 10:15:00,900.55,925.25,887.85,905.9,875
2023-01-05 10:30:00,910.0,910.0,866.65,890.5,950
2023-01-05 10:45:00,877.9,877.9,832.55,861.95,1750
2023-01-05 11:00:00,860.05,880.0,859.1,878.8,400
2023-01-05 11:15:00,858.95,859.5,800.0,808.8,2025
2023-01-05 11:30:00,803.75,805.3,777.6,790.0,5400
2023-01-05 11:45:00,785.45,797.95,749.5,763.7,6075
2023-01-05 12:00:00,765.0,779.95,745.55,770.8,6825
2023-01-05 12:15:00,772.45,786.75,756.05,756.15,4500
2023-01-05 12:30:00,755.1,776.95,733.75,743.95,7800
2023-01-05 12:45:00,741.0,770.0,724.35,747.8,6475
2023-01-05 13:00:00,742.95,779.0,728.75,750.0,6125
2023-01-05 13:15:00,753.0,753.9,632.0,653.45,17325
2023-01-05 13:30:00,650.7,668.2,639.6,655.0,6475
2023-01-05 13:45:00,664.35,683.3,639.6,682.9,7400
2023-01-05 14:00:00,679.95,680.75,638.4,642.85,6150
2023-01-05 14:15:00,640.05,718.85,638.3,718.85,7150
2023-01-05 14:30:00,716.25,721.6,669.0,685.25,6700
2023-01-05 14:45:00,690.1,715.0,668.9,690.0,6875
2023-01-05 15:00:00,695.0,750.0,695.0,729.35,20550
2023-01-05 15:15:00,730.2,745.0,687.25,714.0,29000
2023-01-06 09:15:00,699.05,748.95,618.6,626.85,27927
2023-01-06 09:30:00,620.0,716.85,611.8,672.8,23025
2023-01-06 09:45:00,677.3,685.6,598.65,601.35,10150
2023-01-06 10:00:00,598.0,609.2,562.0,565.05,6000
2023-01-06 10:15:00,565.0,585.6,554.1,581.2,6300
2023-01-06 10:30:00,579.8,596.95,539.85,566.5,5925
2023-01-06 10:45:00,566.25,587.3,561.5,569.45,2850
2023-01-06 11:00:00,563.15,577.15,548.95,568.0,4675
2023-01-06 11:15:00,577.95,584.25,550.95,551.1,2625
2023-01-06 11:30:00,551.1,574.05,551.1,572.55,1350
2023-01-06 11:45:00,576.6,600.0,555.45,576.85,2525
2023-01-06 12:00:00,569.45,580.0,561.75,561.75,2325
2023-01-06 12:15:00,565.0,565.0,524.95,525.95,4075
2023-01-06 12:30:00,522.25,540.1,512.5,517.35,7250
2023-01-06 12:45:00,518.25,518.25,469.95,469.95,8875
2023-01-06 13:00:00,469.95,479.45,452.3,452.4,6200
2023-01-06 13:15:00,455.45,463.75,409.3,409.3,10875
2023-01-06 13:30:00,414.15,439.9,414.15,433.0,9525
2023-01-06 13:45:00,433.0,455.0,432.25,448.2,3875
2023-01-06 14:00:00,455.45,464.6,419.85,430.5,3025
2023-01-06 14:15:00,425.05,460.5,386.4,430.85,7800
2023-01-06 14:30:00,431.3,441.9,416.4,431.15,3275
2023-01-06 14:45:00,429.55,482.25,429.55,477.2,4275
2023-01-06 15:00:00,483.85,515.0,460.1,511.55,6075
2023-01-06 15:15:00,508.2,510.95,474.25,489.65,9150
2023-01-09 09:15:00,547.7,562.4,489.9,550.2,11627
2023-01-09 09:30:00,562.0,604.6,558.95,590.4,15125
2023-01-09 09:45:00,588.95,599.0,536.75,590.1,17300
2023-01-09 10:00:00,595.15,640.0,589.7,629.0,15400
2023-01-09 10:15:00,630.0,653.9,616.6,647.4,8800
2023-01-09 10:30:00,652.35,661.85,621.7,632.75,11000
2023-01-09 10:45:00,632.75,649.2,622.7,641.5,16475
2023-01-09 11:00:00,641.5,650.3,625.0,647.15,5200
2023-01-09 11:15:00,648.1,676.45,637.85,672.0,8425
2023-01-09 11:30:00,671.5,737.0,671.5,729.25,27100
2023-01-09 11:45:00,728.9,741.0,707.5,710.15,17575
2023-01-09 12:00:00,717.0,723.2,695.0,718.5,6850
2023-01-09 12:15:00,723.0,726.6,680.0,697.45,5900
2023-01-09 12:30:00,696.65,709.55,681.4,702.0,4025
2023-01-09 12:45:00,698.4,703.3,671.7,676.35,4150
2023-01-09 13:00:00,670.95,687.85,657.5,670.0,4925
2023-01-09 13:15:00,668.05,671.65,650.6,652.5,4800
2023-01-09 13:30:00,645.7,664.0,581.0,581.0,10025
2023-01-09 13:45:00,579.4,595.65,535.0,595.35,11450
2023-01-09 14:00:00,592.65,603.35,551.7,598.65,9625
2023-01-09 14:15:00,598.6,614.9,573.85,602.7,12100
2023-01-09 14:30:00,601.25,620.2,592.35,605.95,7625
2023-01-09 14:45:00,603.05,655.05,562.6,632.9,16100
2023-01-09 15:00:00,637.15,668.0,625.2,655.75,22550
2023-01-09 15:15:00,656.7,670.35,624.8,647.0,20575
2023-01-10 09:15:00,672.0,672.0,516.6,516.6,35901
2023-01-10 09:30:00,515.0,520.0,470.55,491.1,20975
2023-01-10 09:45:00,490.5,508.65,445.9,456.0,17725
2023-01-10 10:00:00,459.95,475.0,437.9,475.0,7400
2023-01-10 10:15:00,478.0,490.95,456.3,460.0,6425
2023-01-10 10:30:00,459.5,459.5,423.0,425.35,5600
2023-01-10 10:45:00,424.35,447.65,420.45,445.55,7000
2023-01-10 11:00:00,448.0,450.0,426.0,427.5,5775
2023-01-10 11:15:00,427.35,441.6,415.55,430.4,2300
2023-01-10 11:30:00,423.8,423.8,406.0,422.0,5300
2023-01-10 11:45:00,424.55,431.6,416.1,426.95,1700
2023-01-10 12:00:00,429.5,444.0,419.45,432.65,2675
2023-01-10 12:15:00,436.6,450.0,419.35,448.45,2900
2023-01-10 12:30:00,450.0,458.0,375.05,380.95,9000
2023-01-10 12:45:00,376.1,383.3,354.75,354.75,17250
2023-01-10 13:00:00,353.85,377.3,353.85,371.2,5650
2023-01-10 13:15:00,372.55,390.25,368.25,389.05,3675
2023-01-10 13:30:00,390.35,396.05,358.55,364.4,6750
2023-01-10 13:45:00,375.9,424.45,375.9,411.2,5450
2023-01-10 14:00:00,398.05,419.3,389.4,400.4,1475
2023-01-10 14:15:00,405.0,405.0,354.65,357.15,2950
2023-01-10 14:30:00,357.35,370.55,345.6,345.6,4100
2023-01-10 14:45:00,344.85,382.35,343.95,365.9,2750
2023-01-10 15:00:00,376.3,408.6,363.7,399.4,7500
2023-01-10 15:15:00,404.4,409.0,393.7,400.75,12650
2023-01-11 09:15:00,380.95,380.95,297.55,314.0,11202
2023-01-11 09:30:00,315.3,473.0,304.9,375.0,40000
2023-01-11 09:45:00,374.65,440.0,374.65,423.4,7950
2023-01-11 10:00:00,423.55,488.05,420.0,486.95,8050
2023-01-11 10:15:00,487.75,488.8,436.15,484.9,8325
2023-01-11 10:30:00,487.05,495.95,450.4,456.6,7950
2023-01-11 10:45:00,463.0,469.35,390.2,403.35,4300
2023-01-11 11:00:00,407.15,416.0,379.25,416.0,4475
2023-01-11 11:15:00,421.75,421.75,390.75,411.05,2525
2023-01-11 11:30:00,412.65,430.0,401.25,418.0,2250
2023-01-11 11:45:00,423.5,475.85,423.5,467.45,3250
2023-01-11 12:00:00,472.9,493.7,456.0,474.45,2900
2023-01-11 12:15:00,459.5,476.75,445.5,470.5,3725
2023-01-11 12:30:00,465.6,465.6,434.75,437.6,2200
2023-01-11 12:45:00,437.7,450.0,419.0,443.0,1000
2023-01-11 13:00:00,444.25,465.45,435.0,447.5,3250
2023-01-11 13:15:00,452.15,468.5,448.5,450.65,2575
2023-01-11 13:30:00,458.8,458.8,430.45,436.7,2150
2023-01-11 13:45:00,426.35,440.0,409.05,411.5,2925
2023-01-11 14:00:00,409.2,425.0,385.0,408.85,3600
2023-01-11 14:15:00,398.95,424.85,398.85,421.3,3300
2023-01-11 14:30:00,425.0,456.75,422.35,445.25,3375
2023-01-11 14:45:00,454.7,489.95,438.0,484.2,6050
2023-01-11 15:00:00,485.95,485.95,421.45,455.6,7475
2023-01-11 15:15:00,461.75,464.9,435.0,444.8,9425
2023-01-12 09:15:00,407.0,461.9,394.95,416.0,18177
2023-01-12 09:30:00,423.45,494.85,418.0,461.65,8050
2023-01-12 09:45:00,458.6,463.85,415.2,436.05,3050
2023-01-12 10:00:00,434.8,434.8,387.45,405.45,4325
2023-01-12 10:15:00,402.8,402.8,346.9,347.8,8225
2023-01-12 10:30:00,344.2,346.1,327.95,340.0,10525
2023-01-12 10:45:00,336.7,349.6,330.5,341.8,2525
2023-01-12 11:00:00,340.4,351.0,325.95,332.45,2800
2023-01-12 11:15:00,335.0,344.35,326.55,330.3,2050
2023-01-12 11:30:00,335.3,357.25,333.35,336.8,2325
2023-01-12 11:45:00,337.45,337.8,311.8,320.3,4550
2023-01-12 12:00:00,319.9,336.55,319.75,335.0,1875
2023-01-12 12:15:00,336.45,343.9,328.15,328.8,675
2023-01-12 12:30:00,324.55,337.95,323.0,327.0,2175
2023-01-12 12:45:00,326.95,386.7,326.5,345.3,6450
2023-01-12 13:00:00,349.1,357.55,304.05,328.1,4125
2023-01-12 13:15:00,320.0,330.0,289.25,289.25,9900
2023-01-12 13:30:00,292.2,296.95,276.75,280.6,13825
2023-01-12 13:45:00,282.0,309.05,279.7,305.05,15900
2023-01-12 14:00:00,308.0,322.25,300.0,315.35,6000
2023-01-12 14:15:00,315.35,339.4,304.95,322.0,9400
2023-01-12 14:30:00,322.8,328.85,305.05,315.0,6700
2023-01-12 14:45:00,313.6,339.65,308.35,325.0,5975
2023-01-12 15:00:00,324.8,358.8,324.8,335.95,14450
2023-01-12 15:15:00,331.0,352.0,330.4,352.0,20975
2023-01-13 09:15:00,355.0,359.25,303.0,315.7,22627
2023-01-13 09:30:00,315.6,373.05,297.05,305.75,29375
2023-01-13 09:45:00,303.05,329.6,284.4,287.15,10500
2023-01-13 10:00:00,286.9,300.0,270.5,289.6,8350
2023-01-13 10:15:00,283.5,311.65,283.5,297.2,8075
2023-01-13 10:30:00,293.0,299.7,281.0,287.15,11200
2023-01-13 10:45:00,289.0,290.8,273.8,281.45,8825
2023-01-13 11:00:00,284.4,292.6,278.3,282.75,10150
2023-01-13 11:15:00,278.0,295.0,276.55,279.6,5325
2023-01-13 11:30:00,276.3,298.8,275.7,275.85,7500
2023-01-13 11:45:00,274.0,288.4,274.0,285.25,4625
2023-01-13 12:00:00,283.25,305.25,279.6,300.65,5575
2023-01-13 12:15:00,304.4,345.0,304.4,331.75,12875
2023-01-13 12:30:00,336.9,343.3,321.75,332.75,4175
2023-01-13 12:45:00,338.0,391.35,331.85,380.0,9775
2023-01-13 13:00:00,383.0,421.45,374.6,421.45,10200
2023-01-13 13:15:00,425.5,445.0,410.95,445.0,11500
2023-01-13 13:30:00,435.5,457.5,406.0,455.9,8125
2023-01-13 13:45:00,454.05,469.65,439.75,451.65,11500
2023-01-13 14:00:00,449.25,475.45,447.2,461.2,8725
2023-01-13 14:15:00,463.25,463.25,424.05,441.6,8625
2023-01-13 14:30:00,434.35,439.4,396.65,413.3,9050
2023-01-13 14:45:00,405.9,426.3,390.9,416.25,11150
2023-01-13 15:00:00,421.05,444.65,400.0,421.3,15800
2023-01-13 15:15:00,421.3,431.55,397.5,410.75,16150
2023-01-16 09:15:00,479.3,562.7,464.4,509.3,88202
2023-01-16 09:30:00,512.6,521.9,452.15,491.5,80250
2023-01-16 09:45:00,486.55,488.5,431.3,483.15,63000
2023-01-16 10:00:00,483.7,511.95,464.65,480.8,63075
2023-01-16 10:15:00,480.5,485.1,460.0,471.05,23425
2023-01-16 10:30:00,471.35,476.4,446.95,459.45,26250
2023-01-16 10:45:00,459.5,466.45,441.4,461.1,16350
2023-01-16 11:00:00,459.5,476.0,426.65,434.4,31900
2023-01-16 11:15:00,432.05,433.15,396.0,419.8,50500
2023-01-16 11:30:00,421.9,421.9,387.65,403.65,20800
2023-01-16 11:45:00,400.7,404.0,375.0,387.95,22950
2023-01-16 12:00:00,388.4,388.4,358.25,360.1,18050
2023-01-16 12:15:00,360.65,362.7,341.95,354.9,23725
2023-01-16 12:30:00,358.2,365.0,329.1,338.35,15750
2023-01-16 12:45:00,334.8,348.0,322.4,327.95,16425
2023-01-16 13:00:00,328.35,378.0,313.35,371.85,29600
2023-01-16 13:15:00,374.35,403.95,373.2,393.7,34250
2023-01-16 13:30:00,395.0,416.0,340.0,341.05,24850
2023-01-16 13:45:00,337.35,349.0,310.2,319.1,14575
2023-01-16 14:00:00,318.3,337.4,300.4,314.8,22125
2023-01-16 14:15:00,313.25,323.4,282.65,288.45,15475
2023-01-16 14:30:00,289.8,327.8,286.3,301.85,26450
2023-01-16 14:45:00,301.85,301.85,271.9,290.0,19625
2023-01-16 15:00:00,301.65,306.2,285.0,296.1,29250
2023-01-16 15:15:00,297.1,317.0,295.75,300.0,33350
2023-01-17 09:15:00,280.0,333.0,258.0,322.0,50376
2023-01-17 09:30:00,325.0,342.85,308.0,323.85,33050
2023-01-17 09:45:00,330.0,361.0,297.55,359.1,29925
2023-01-17 10:00:00,359.05,368.0,333.3,353.4,18975
2023-01-17 10:15:00,355.15,366.25,329.7,345.5,14725
2023-01-17 10:30:00,347.0,361.5,340.0,343.1,12525
2023-01-17 10:45:00,343.1,350.0,300.4,314.3,14800
2023-01-17 11:00:00,314.3,322.4,304.0,311.45,10450
2023-01-17 11:15:00,308.0,308.95,290.4,306.55,14150
2023-01-17 11:30:00,303.8,330.0,299.75,318.05,12825
2023-01-17 11:45:00,321.65,329.7,305.5,318.9,7800
2023-01-17 12:00:00,318.8,318.8,288.75,302.95,12050
2023-01-17 12:15:00,299.55,299.55,267.8,273.75,12125
2023-01-17 12:30:00,277.2,277.2,238.0,239.7,25225
2023-01-17 12:45:00,238.75,253.0,217.3,218.45,36225
2023-01-17 13:00:00,219.7,226.75,205.6,210.25,28100
2023-01-17 13:15:00,210.9,220.05,184.05,192.4,28275
2023-01-17 13:30:00,192.85,230.0,192.85,225.6,20325
2023-01-17 13:45:00,222.75,235.0,208.6,220.4,9575
2023-01-17 14:00:00,218.9,228.65,201.7,227.3,10375
2023-01-17 14:15:00,230.0,240.0,215.0,215.85,15375
2023-01-17 14:30:00,217.5,246.2,212.3,236.15,14225
2023-01-17 14:45:00,236.15,250.0,222.85,230.0,14275
2023-01-17 15:00:00,229.35,289.75,229.35,289.75,38825
2023-01-17 15:15:00,290.65,308.45,284.2,300.0,43250
2023-01-17 15:30:00,293.0,293.0,293.0,293.0,25
2023-01-18 09:15:00,293.0,297.0,233.9,251.35,81276
2023-01-18 09:30:00,256.3,310.0,243.95,305.0,53575
2023-01-18 09:45:00,310.4,351.35,304.35,342.25,89525
2023-01-18 10:00:00,342.3,366.4,330.3,352.5,78375
2023-01-18 10:15:00,354.15,354.45,323.0,328.35,43300
2023-01-18 10:30:00,325.0,342.3,317.55,338.7,24925
2023-01-18 10:45:00,339.45,339.45,312.3,324.0,26225
2023-01-18 11:00:00,324.2,350.2,319.1,350.05,26350
2023-01-18 11:15:00,349.95,380.7,347.85,360.75,79775
2023-01-18 11:30:00,360.75,393.4,356.35,384.45,72575
2023-01-18 11:45:00,383.4,387.4,363.3,370.35,42200
2023-01-18 12:00:00,368.6,380.15,358.3,372.1,38800
2023-01-18 12:15:00,372.1,379.45,354.35,372.45,29600
2023-01-18 12:30:00,373.95,383.4,336.3,347.4,72925
2023-01-18 12:45:00,345.0,359.5,327.4,328.4,50975
2023-01-18 13:00:00,328.55,334.85,315.4,318.75,40425
2023-01-18 13:15:00,320.7,336.6,316.7,323.75,32300
2023-01-18 13:30:00,325.5,358.05,325.5,354.15,46225
2023-01-18 13:45:00,357.95,359.35,321.4,336.05,34150
2023-01-18 14:00:00,334.3,338.0,298.4,317.0,46375
2023-01-18 14:15:00,321.15,347.85,304.45,342.0,40700
2023-01-18 14:30:00,343.1,367.15,343.1,353.2,80700
2023-01-18 14:45:00,354.3,365.0,337.25,360.75,52300
2023-01-18 15:00:00,363.6,363.6,314.5,321.0,129100
2023-01-18 15:15:00,320.3,343.55,320.3,338.0,190725
2023-01-18 15:30:00,338.0,338.0,338.0,338.0,50
2023-01-19 09:15:00,369.05,369.05,250.05,262.4,259677
2023-01-19 09:30:00,261.0,327.05,251.8,287.8,240025
2023-01-19 09:45:00,285.45,305.0,275.15,286.7,111950
2023-01-19 10:00:00,286.2,286.2,248.5,256.45,147800
2023-01-19 10:15:00,257.0,285.0,249.25,283.45,82550
2023-01-19 10:30:00,287.45,290.0,266.85,277.7,101600
2023-01-19 10:45:00,277.0,282.0,236.6,260.75,138675
2023-01-19 11:00:00,262.4,311.05,241.05,248.9,217700
2023-01-19 11:15:00,248.15,252.85,220.05,233.6,131875
2023-01-19 11:30:00,233.9,250.95,229.55,249.85,76750
2023-01-19 11:45:00,251.0,263.9,236.7,240.3,59450
2023-01-19 12:00:00,241.65,252.5,230.0,247.35,56475
2023-01-19 12:15:00,247.8,254.4,237.4,243.75,39625
2023-01-19 12:30:00,245.6,256.55,239.1,241.25,35650
2023-01-19 12:45:00,240.95,240.95,218.0,227.1,82475
2023-01-19 13:00:00,224.65,240.95,223.2,227.55,54075
2023-01-19 13:15:00,223.9,239.65,207.1,231.15,70875
2023-01-19 13:30:00,231.45,246.6,227.9,240.95,51775
2023-01-19 13:45:00,239.25,240.9,221.1,228.15,37125
2023-01-19 14:00:00,227.55,245.8,226.3,244.75,87150
2023-01-19 14:15:00,245.0,251.45,194.0,205.5,194300
2023-01-19 14:30:00,204.75,214.95,196.7,210.15,149575
2023-01-19 14:45:00,209.75,215.0,201.15,204.65,184625
2023-01-19 15:00:00,208.8,217.7,196.15,199.2,269425
2023-01-19 15:15:00,198.1,203.65,183.45,187.65,444675
2023-01-19 15:30:00,188.7,188.7,188.7,188.7,550
2023-01-20 09:15:00,201.05,280.0,200.1,265.3,5454403
2023-01-20 09:30:00,265.05,292.4,256.1,272.1,4755150
2023-01-20 09:45:00,272.1,282.8,260.9,277.0,2273000
2023-01-20 10:00:00,276.35,336.25,275.95,324.15,5109075
2023-01-20 10:15:00,322.85,339.3,316.1,332.05,2751900
2023-01-20 10:30:00,331.8,357.35,313.6,343.3,2612950
2023-01-20 10:45:00,342.85,344.3,311.35,316.65,1834150
2023-01-20 11:00:00,316.55,321.0,278.5,281.15,2824375
2023-01-20 11:15:00,279.85,298.5,276.3,293.45,2496150
2023-01-20 11:30:00,293.75,301.2,283.55,286.8,1677250
2023-01-20 11:45:00,286.3,291.15,251.55,251.55,2403175
2023-01-20 12:00:00,250.15,276.8,250.0,270.6,2042500
2023-01-20 12:15:00,269.35,308.9,266.15,305.45,3447775
2023-01-20 12:30:00,306.35,314.5,281.05,282.45,3245425
2023-01-20 12:45:00,282.75,298.95,266.15,292.25,2995850
2023-01-20 13:00:00,293.35,300.0,277.6,297.35,1906975
2023-01-20 13:15:00,297.35,302.4,286.0,286.9,1508225
2023-01-20 13:30:00,286.6,291.7,269.6,277.7,1835250
2023-01-20 13:45:00,277.3,286.45,256.0,258.4,2068850
2023-01-20 14:00:00,258.75,268.7,245.05,265.4,2807675
2023-01-20 14:15:00,265.45,275.0,252.95,264.2,2099950
2023-01-20 14:30:00,265.6,265.95,223.9,242.35,3068075
2023-01-20 14:45:00,243.25,264.1,234.35,258.7,3261175
2023-01-20 15:00:00,262.0,262.0,226.2,237.1,2942700
2023-01-20 15:15:00,238.0,245.95,228.15,238.0,2831350
2023-01-20 15:30:00,235.0,235.0,235.0,235.0,50
2023-01-23 09:15:00,330.0,396.0,300.0,370.45,4396078
2023-01-23 09:30:00,371.45,450.0,362.0,425.1,2965700
2023-01-23 09:45:00,423.6,482.5,423.6,473.15,1452975
2023-01-23 10:00:00,472.5,490.4,426.8,439.55,891250
2023-01-23 10:15:00,440.5,454.8,430.1,447.9,323750
2023-01-23 10:30:00,445.3,466.75,421.85,426.0,514600
2023-01-23 10:45:00,424.4,443.65,417.55,442.75,335475
2023-01-23 11:00:00,442.65,446.4,396.45,397.9,448550
2023-01-23 11:15:00,396.65,412.0,370.75,395.0,860050
2023-01-23 11:30:00,393.4,401.1,374.95,386.0,468825
2023-01-23 11:45:00,385.0,393.55,355.05,356.8,589125
2023-01-23 12:00:00,357.35,368.4,339.95,355.4,839350
2023-01-23 12:15:00,355.05,375.3,352.35,373.0,796625
2023-01-23 12:30:00,373.85,377.5,354.9,357.35,535200
2023-01-23 12:45:00,357.1,369.55,345.1,347.25,530575
2023-01-23 13:00:00,346.5,352.85,316.15,338.95,1422500
2023-01-23 13:15:00,339.6,365.7,338.45,361.0,1197875
2023-01-23 13:30:00,361.55,374.8,346.45,368.5,787600
2023-01-23 13:45:00,368.25,373.0,347.0,359.4,544475
2023-01-23 14:00:00,359.45,385.0,346.2,365.25,822625
2023-01-23 14:15:00,365.75,388.85,346.0,361.9,917225
2023-01-23 14:30:00,360.95,364.4,329.45,350.35,761725
2023-01-23 14:45:00,349.9,366.8,349.0,358.6,601600
2023-01-23 15:00:00,359.15,373.65,330.2,366.0,1073150
2023-01-23 15:15:00,366.05,368.8,348.95,357.0,734800
2023-01-24 09:15:00,400.0,469.0,385.8,449.35,1855103
2023-01-24 09:30:00,446.9,511.0,436.45,478.3,1289500
2023-01-24 09:45:00,478.75,489.15,398.15,406.2,768850
2023-01-24 10:00:00,404.75,407.7,363.6,370.9,668825
2023-01-24 10:15:00,373.45,390.1,369.55,372.0,572100
2023-01-24 10:30:00,372.95,382.7,359.55,377.8,565200
2023-01-24 10:45:00,376.55,385.8,348.0,368.5,480550
2023-01-24 11:00:00,368.55,390.7,340.0,344.85,517300
2023-01-24 11:15:00,343.0,343.0,287.0,305.6,1075475
2023-01-24 11:30:00,304.9,310.9,275.7,296.4,846900
2023-01-24 11:45:00,296.15,304.4,272.45,280.75,913775
2023-01-24 12:00:00,279.7,291.3,266.35,289.4,1163300
2023-01-24 12:15:00,288.9,297.8,270.95,288.5,922100
2023-01-24 12:30:00,286.85,295.25,276.65,291.65,767575
2023-01-24 12:45:00,291.55,314.0,288.35,306.6,1211300
2023-01-24 13:00:00,305.75,310.0,272.8,280.9,1168450
2023-01-24 13:15:00,280.8,288.0,276.85,278.4,700425
2023-01-24 13:30:00,279.3,282.6,226.2,229.45,1850450
2023-01-24 13:45:00,229.35,237.6,188.25,201.9,3058300
2023-01-24 14:00:00,202.15,218.95,199.65,216.65,3096050
2023-01-24 14:15:00,216.75,221.45,183.8,200.7,2693225
2023-01-24 14:30:00,201.2,230.75,198.9,202.55,2798875
2023-01-24 14:45:00,202.55,236.75,194.4,234.5,3246400
2023-01-24 15:00:00,235.75,250.1,217.3,246.65,3614550
2023-01-24 15:15:00,247.45,253.35,223.2,225.15,1860375
2023-01-24 15:30:00,225.25,225.25,225.25,225.25,775
2023-01-25 09:15:00,194.4,200.0,83.25,90.8,15882978
2023-01-25 09:30:00,90.65,95.25,44.7,45.9,15383675
2023-01-25 09:45:00,45.4,50.3,32.65,37.4,11170025
2023-01-25 10:00:00,36.9,38.85,17.2,19.4,16906525
2023-01-25 10:15:00,19.35,20.85,13.55,15.2,8137475
2023-01-25 10:30:00,15.2,17.6,14.1,14.45,6059675
2023-01-25 10:45:00,14.45,16.2,14.1,15.6,4928850
2023-01-25 11:00:00,15.5,17.2,12.65,12.8,4104475
2023-01-25 11:15:00,12.75,12.75,6.85,8.0,9682400
2023-01-25 11:30:00,8.1,9.15,7.9,8.25,4141775
2023-01-25 11:45:00,8.25,8.25,4.55,4.6,4340050
2023-01-25 12:00:00,4.6,5.65,3.9,4.9,2981300
2023-01-25 12:15:00,5.0,5.4,4.6,5.05,2316800
2023-01-25 12:30:00,5.05,5.25,4.6,4.85,2358800
2023-01-25 12:45:00,4.85,6.1,4.35,4.85,2372125
2023-01-25 13:00:00,4.85,4.9,3.45,3.65,1350550
2023-01-25 13:15:00,3.7,3.85,2.65,2.65,1235925
2023-01-25 13:30:00,2.65,3.55,2.4,2.55,2513625
2023-01-25 13:45:00,2.5,2.9,2.3,2.8,1843800
2023-01-25 14:00:00,2.85,3.55,1.65,1.65,2507500
2023-01-25 14:15:00,1.7,1.7,1.3,1.55,1634250
2023-01-25 14:30:00,1.5,2.05,0.8,0.9,2336500
2023-01-25 14:45:00,0.9,0.95,0.65,0.95,1217200
2023-01-25 15:00:00,0.95,1.0,0.25,0.25,1802725
2023-01-25 15:15:00,0.25,0.45,0.1,0.4,1538950
